1000
3971
5826
5897
1201
8056
5275
2797
1916
8113
7908
3294
7041
5616
3115
6781
9564
7186
7461
3587
5533
3127
5679
2181
1027
1676
6561
1246
7686
740
4947
5458
4712
7126
7708
5913
1534
9335
5062
3450
7449
9322
6744
4490
1290
6211
7623
854
3397
1437
793
5283
4564
6473
7464
1943
4501
4025
3189
2187
4766
4489
3998
9478
7967
8058
1743
9501
7393
3157
2951
4842
2479
6047
5685
121
8610
9660
975
2008
7449
1768
3643
2014
4593
1107
309
9095
1485
3499
7634
2603
4340
1632
8433
2307
9690
6528
1808
7084
9685
1111
8278
8516
3510
315
8637
2120
6328
5964
480
3777
4084
4123
2143
8678
1583
2453
4125
3068
2304
1759
2023
6644
9744
456
8951
5786
6984
7111
9222
3021
4574
3853
7889
8084
520
2878
6556
6848
8842
3389
6978
9278
7512
9121
7956
5447
7926
8433
8515
230
6545
6890
3226
6289
7346
2177
8427
682
5640
7650
3703
6566
1503
7944
1002
8375
822
7559
5224
6016
948
8554
5295
4812
7675
9603
260
1954
8037
5127
2184
4582
2018
5411
7223
5716
3940
5650
6399
5933
9652
6454
2499
7507
4399
3502
5883
1573
7413
1107
3942
4713
9661
9237
9525
3688
5192
6137
5642
3229
7617
4179
4163
5987
5942
7738
1703
6234
9741
4454
2167
9393
7261
1019
6901
8012
873
2784
9585
8286
243
3527
2999
6256
9116
8876
9944
4309
1366
1939
3890
8983
2470
4406
1322
4764
2144
3025
998
1885
3832
9518
1279
1093
6889
4532
9105
7762
7316
5042
2400
7559
4922
1751
3815
4038
627
111
4699
8345
8402
4942
3680
7224
9348
5002
1988
1492
4380
9339
9730
8212
5209
7361
5657
2098
1893
4762
6212
5561
9804
8612
3120
4726
363
3287
5117
7342
9750
9816
5688
4505
4758
9368
1729
458
723
70
8303
5103
5761
8033
9667
970
1746
5324
9420
3639
6438
5632
9200
6242
596
8672
7321
959
8311
8790
8301
8061
8606
341
8918
9717
6062
648
6527
6785
7070
4830
8240
2831
9215
7907
153
961
9583
9573
952
6021
1557
6504
8615
2153
5176
5936
3112
9839
4726
7765
4253
9685
4459
3171
5754
521
171
8633
3658
7241
3464
8250
6424
9031
2509
6577
9993
2092
2502
945
4465
4059
3802
3080
6212
8978
5369
5676
5170
6447
9794
9423
2484
4253
2594
4590
1126
9118
3224
1136
6359
3040
5738
9136
2071
8247
2065
2064
339
4568
9362
4804
4979
3164
4236
7544
8494
9605
3220
16
6053
9366
9439
4889
9971
8386
9480
7449
7504
2704
8585
215
5744
4323
9351
7815
8922
7769
6232
9261
2337
1946
417
3668
5110
1006
1212
9956
611
785
9973
3016
151
5764
7906
123
4150
7386
7572
1654
6442
2510
8222
8538
3185
3925
6353
2108
1694
8937
7721
383
883
4491
4052
2345
5497
1616
2302
2460
2401
8627
5477
2553
4391
9735
9028
4894
3473
2952
2900
9915
5462
1122
8453
5000
5048
1158
7108
6742
6448
1181
3478
7331
5672
7530
9677
1169
5498
8331
9982
7900
3310
5459
453
7701
1546
5833
8947
5019
8785
1848
1286
600
2970
6091
5600
4370
3601
9060
1113
49
241
943
7381
5914
4825
3410
3435
323
1741
3417
8223
5051
5228
5028
9104
6774
861
8052
1793
9647
6252
9431
247
9222
5522
2199
3593
9124
1259
1058
9173
1500
2001
2906
3766
6826
6316
7202
3501
4409
6971
1725
5812
2200
6753
1269
5326
3967
9321
3472
3614
5573
2903
213
1147
8426
2412
1092
3902
23
2150
3075
1523
503
5982
5290
3681
8650
8844
7183
3060
5815
8908
8872
4367
2013
141
9694
5980
5814
3166
5946
7739
6069
2511
8887
847
1275
6331
4749
1298
8482
4177
2822
5337
159
4464
9019
5161
3308
6202
8221
9123
1462
7094
3491
3475
3587
9537
9456
9402
2703
5402
3493
8772
4266
8732
5972
5541
5064
721
6840
9898
4898
9662
5235
1409
4126
4254
6571
3786
456
4792
9261
1918
8238
9104
1746
8178
8641
1202
7580
1344
2956
7425
6469
7222
6158
2441
2764
1222
3162
5956
1120
4413
5618
6355
5822
6096
6962
2393
6234
3770
3538
5495
5689
8128
4600
3787
6306
3241
4989
238
4586
4297
7664
1055
7872
3822
3496
6988
1396
3010
2944
8868
7423
4914
5223
3246
7362
2185
1991
3596
2308
1881
9091
7997
10
3691
8136
2668
6933
9477
2907
7871
3774
571
5278
7998
745
5126
4986
2141
8136
4282
1009
1912
9196
2584
5158
6558
1122
3501
154
3430
5383
9246
7779
1745
9289
5915
4413
2574
5392
7320
445
5518
4243
5723
3517
1340
849
4855
9833
5338
9138
842
7250
4686
9779
8760
1245
7253
2261
7751
7035
3996
3349
4814
2093
2639
7081
6507
1565
8825
179
2011
4343
775
4086
4212
2115
1288
5420
1949
6626
4558
9143
228
5596
8922
8988
6841
2527
7601
945
9562
7950
4294
728
43
3285
7809
6550
4851
6634
6730
6862
7330
7505
7300
7894
5972
8588
3314
7921
1566
4224
7065
1794
9821
2339
7134
3014
4867
4736
3959
4429
2686
8254
1510
2729
7891
9319
5632
2742
2306
8714
5956
5988
2571
3257
3882
8543
8197
3549
6465
6116
7773
3530
7910
3946
2221
1397
6961
7088
2485
920
7870
1523
5526
9380
4252
3418
5051
6236
2512
3709
4950
8469
9697
7521
8078
9932
6065
2627
3481
2530
8743
7606
2412
3006
1553
985
4403
8514
4426
6888
5786
2296
8411
1313
8028
9015
1083
9431
1604
3595
3141
6554
8416
9190
4076
6494
9122
6493
5474
8955
5375
4217
6562
4139
7223
8115
5124
7978
2981
9550
1218
8767
8198
5981
80
2578
1349
1163
2010
2953
1111
1503
9507
9527
693
9935
2374
9816
6428
7848
8771
8155
2065
5333
2294
5641
9800
7419
9971
2781
6969
1190
1549
1520
3523
7981
4098
1224
5497
6108
4177
6608
3963
37
2487
4657
6324
4861
825
9105
9061
9596
7260
1127
1282
9555
3120
7434
3326