1000 800
121 614
39 310
357 477
164 434
556 661
310 502
581 720
139 187
88 396
549 558
758 742
334 184
106 36
338 96
305 368
620 688
363 261
28 569
495 172
414 439
1 259
699 596
228 33
765 270
302 380
355 664
158 391
665 576
399 667
581 693
331 572
98 774
542 761
526 363
496 368
579 325
113 567
519 3
402 410
514 619
696 549
83 436
785 1
673 565
515 318
755 224
679 596
576 363
90 73
453 244
78 626
409 194
194 665
609 44
791 675
35 474
543 622
763 556
788 412
304 510
13 723
484 552
79 447
15 455
261 478
777 413
657 345
330 184
223 307
531 85
604 99
776 547
682 97
677 519
529 418
44 515
437 674
416 405
651 583
725 480
394 607
642 365
1 783
476 622
749 491
547 520
456 259
409 430
514 291
535 782
431 57
415 396
452 309
303 15
770 593
91 383
143 246
792 779
104 442
696 653
374 393
474 44
484 171
254 388
430 351
314 583
55 298
751 481
417 242
569 511
380 360
297 525
92 649
371 449
555 674
71 795
322 439
321 745
119 738
607 140
406 219
23 508
752 732
645 107
501 34
166 524
610 370
775 529
121 0
347 631
724 337
303 226
600 507
574 71
202 81
196 718
483 192
692 467
3 248
265 657
519 300
93 285
635 760
412 499
367 581
567 595
203 333
345 585
608 94
474 591
164 0
437 242
508 790
730 631
439 294
323 315
256 729
776 476
496 737
370 763
614 574
145 543
758 318
525 248
323 327
157 391
173 214
282 352
554 229
337 525
437 206
91 113
679 785
590 177
200 439
80 50
293 212
655 770
608 142
499 759
520 287
111 473
782 700
122 289
660 660
577 318
580 727
153 411
101 475
758 418
716 127
702 383
436 398
315 580
270 163
467 143
376 270
376 748
559 378
159 764
226 395
178 595
172 74
453 770
512 225
458 505
643 708
547 265
700 469
91 397
11 261
85 390
122 604
736 265
662 247
464 345
349 660
396 18
790 239
231 621
227 137
688 541
182 268
73 378
548 433
281 517
124 286
704 326
55 688
655 790
78 380
308 96
173 21
439 101
170 13
230 324
84 155
625 86
428 96
566 250
533 393
347 21
651 244
478 22
726 723
172 637
92 625
212 185
441 151
762 52
238 13
588 111
347 64
117 620
781 776
84 751
790 359
266 99
608 240
438 446
415 589
97 356
266 254
153 621
201 641
799 485
396 54
672 118
257 256
517 71
642 715
137 291
751 336
526 281
514 249
783 775
699 581
597 661
736 586
649 450
774 765
653 161
780 754
649 577
77 771
775 144
306 402
286 92
553 559
399 94
313 633
371 599
178 580
207 119
389 478
397 482
503 465
459 369
789 231
433 697
295 16
164 525
774 645
540 36
748 458
181 731
494 790
424 568
779 785
89 755
33 321
494 436
389 485
643 220
784 702
190 389
728 112
260 616
69 331
457 323
799 42
488 246
776 24
152 529
78 246
505 751
733 317
466 576
695 194
667 298
164 478
538 461
40 491
463 73
663 46
174 607
10 343
560 89
528 744
329 202
227 665
473 661
0 184
130 143
245 592
61 771
665 656
139 569
766 744
76 726
709 147
723 289
694 216
149 779
237 622
484 331
531 195
223 748
467 122
486 199
136 119
655 720
536 476
762 50
2 784
645 56
151 773
416 626
778 694
319 148
551 18
721 541
38 507
724 380
573 780
6 338
88 446
730 311
584 105
271 510
157 427
449 120
244 682
637 537
175 313
790 764
711 59
345 551
451 106
608 653
327 630
234 471
268 494
646 354
114 385
434 263
22 161
360 125
676 235
594 606
492 200
33 203
533 722
706 657
146 792
620 232
792 320
697 190
300 655
379 408
733 329
267 436
310 569
353 271
304 367
646 233
233 492
714 618
536 191
661 483
700 716
766 435
600 498
637 784
705 776
641 418
594 108
706 717
740 220
534 118
575 416
483 675
559 365
375 576
312 41
634 197
169 656
415 408
496 339
381 595
402 451
512 38
600 112
319 315
168 753
269 347
761 163
208 179
229 306
466 437
702 377
57 223
223 233
247 542
456 235
673 561
135 101
320 558
759 606
426 388
267 577
16 36
488 771
532 224
52 324
577 689
497 55
505 730
40 2
782 782
646 388
560 625
777 217
201 640
248 510
139 242
20 84
421 91
401 678
345 788
707 747
654 188
345 651
260 541
428 737
651 270
629 196
116 699
224 645
131 646
450 439
74 364
44 786
309 71
254 213
773 727
507 207
639 159
383 572
673 176
306 591
472 648
186 532
659 600
19 434
150 135
318 82
398 314
602 770
361 304
566 440
34 687
227 663
349 225
107 243
24 283
707 564
732 386
383 315
342 590
458 775
458 76
83 87
225 196
487 205
743 95
738 118
406 550
484 524
784 586
708 599
464 358
101 279
766 102
204 322
358 263
462 686
710 475
298 13
298 499
58 475
88 602
617 312
426 642
229 693
608 738
178 17
275 570
771 641
264 764
712 401
329 682
102 716
692 670
394 381
80 301
284 19
516 555
628 550
455 717
750 732
117 433
382 521
103 542
291 602
737 490
539 48
104 511
699 684
506 348
251 207
541 92
724 574
83 633
394 647
627 398
104 295
727 671
367 423
309 346
237 233
624 121
174 710
555 142
148 756
514 445
774 458
343 775
170 708
557 268
788 613
23 46
698 766
238 149
174 146
70 502
137 439
414 754
552 188
602 639
569 429
370 425
147 599
679 790
711 204
794 140
761 133
507 531
13 522
290 122
770 147
384 730
769 492
692 380
338 154
669 219
83 575
51 649
41 350
437 466
338 255
418 482
609 242
263 583
360 179
475 758
371 530
236 79
506 623
120 767
211 327
28 521
10 561
46 579
464 199
714 161
564 197
652 469
757 274
99 177
596 289
417 209
746 598
274 571
606 105
339 35
564 684
351 81
420 332
457 577
624 313
268 589
628 293
770 365
252 718
599 473
280 508
155 52
687 456
283 200
564 642
461 401
252 497
558 219
460 760
141 106
51 509
420 157
795 136
427 242
95 653
74 615
444 395
787 357
361 208
557 413
485 353
46 656
467 413
273 399
423 284
354 774
670 154
186 569
752 758
46 12
709 249
134 484
169 406
527 174
160 757
209 707
345 496
510 647
66 729
368 86
159 481
656 798
667 89
278 490
316 727
725 227
215 183
338 86
519 679
249 54
29 384
686 0
470 245
389 288
688 45
114 695
284 591
671 760
242 34
64 726
774 306
518 320
316 594
245 167
796 292
119 773
583 793
142 766
166 24
395 451
166 608
257 538
197 110
663 126
554 125
159 487
342 432
74 746
284 16
665 286
435 22
435 228
615 135
280 451
529 162
792 54
139 443
99 135
291 133
736 407
779 433
157 228
85 792
42 585
640 282
132 740
369 484
435 793
516 244
532 153
766 731
692 163
744 294
386 198
60 29
545 363
798 423
545 437
714 628
396 741
112 536
160 159
609 407
192 718
230 69
425 616
726 363
135 496
612 585
708 543
155 93
196 483
394 487
466 322
446 778
89 774
19 305
275 697
456 599
98 554
598 517
33 86
383 601
504 423
584 491
594 635
742 270
624 453
215 440
58 564
120 578
121 213
113 750
166 152
624 492
449 373
763 442
290 461
644 654
17 336
219 405
565 513
69 632
332 59
47 99
767 626
224 294
116 537
18 311
322 582
544 93
485 599
446 173
246 787
459 594
408 305
5 430
467 569
704 419
578 140
343 432
555 739
671 412
274 378
704 20
397 10
225 211
278 761
358 614
131 658
252 620
215 595
623 64
21 491
768 54
344 256
185 7
612 337
381 748
795 640
224 588
400 717
475 150
348 129
572 268
723 273
351 485
276 575
416 625
451 96
333 506
760 543
348 463
308 356
161 288
407 531
572 423
243 629
372 717
511 505
551 264
524 377
638 293
728 92
641 489
5 222
270 119
456 593
393 240
353 354
531 798
558 508
476 591
286 524
183 449
615 712
240 385
663 592
606 115
716 82
409 529
451 335
747 788
369 63
391 436
116 437
252 590
647 321
230 522
537 153
361 250
476 247
30 705
444 416
713 56
342 746
785 369
389 250
13 634
27 16
383 609
693 739
291 378
300 780
613 705
556 772
436 575
709 364
89 558
195 592
710 188
447 746
48 753
19 135
411 401
558 140
216 32
140 22
209 776
420 516
798 347
479 405
96 761
268 113
234 369
20 40
446 391
623 604
542 409
532 799
510 256
274 347
699 569
353 246
621 97
278 657
604 610
89 405
372 240
87 460
536 593
119 784
601 288
654 262
100 752
530 136
285 272
79 422
207 563
796 137
415 652
652 284
132 508
420 202
248 11
240 615
332 759
52 273
349 784
452 115
681 638
180 236
577 745
205 403
700 503
741 313
688 435
716 555
256 145
135 94
181 467
221 522
141 747
339 273
468 446
281 776
374 461
609 786
433 691
532 428
779 108
420 76
295 251
96 200
600 458
713 88
754 336
424 731
132 788
540 410
262 435
405 590
562 195
611 706
